9.660000000000000000e+02
6.600000000000000000e+02
3.550000000000000000e+02
3.850000000000000000e+02
3.910000000000000000e+02
7.280000000000000000e+02
8.130000000000000000e+02
9.250000000000000000e+02
6.250000000000000000e+02
6.930000000000000000e+02
7.230000000000000000e+02
8.610000000000000000e+02
5.760000000000000000e+02
7.070000000000000000e+02
7.700000000000000000e+02
3.700000000000000000e+02
9.350000000000000000e+02
6.910000000000000000e+02
9.770000000000000000e+02
9.630000000000000000e+02
3.790000000000000000e+02
4.120000000000000000e+02
4.090000000000000000e+02
8.610000000000000000e+02
3.500000000000000000e+02
8.390000000000000000e+02
8.390000000000000000e+02
8.810000000000000000e+02
5.990000000000000000e+02
5.920000000000000000e+02
